1000 

999 1001 

997 1003 998 1002 

993 1007 994 1006 995 1005 996 1004 

985 1015 986 1014 987 1013 988 1012 989 1011 990 1010 991 1009 992 1008 

969 1031 970 1030 971 1029 972 1028 973 1027 974 1026 975 1025 976 1024 977 1023 978 1022 979 1021 980 1020 981 1019 982 1018 983 1017 984 1016 

937 1063 938 1062 939 1061 940 1060 941 1059 942 1058 943 1057 944 1056 945 1055 946 1054 947 1053 948 1052 949 1051 950 1050 951 1049 952 1048 953 1047 954 1046 955 1045 956 1044 957 1043 958 1042 959 1041 960 1040 961 1039 962 1038 963 1037 964 1036 965 1035 966 1034 967 1033 968 1032 

873 1127 874 1126 875 1125 876 1124 877 1123 878 1122 879 1121 880 1120 881 1119 882 1118 883 1117 884 1116 885 1115 886 1114 887 1113 888 1112 889 1111 890 1110 891 1109 892 1108 893 1107 894 1106 895 1105 896 1104 897 1103 898 1102 899 1101 900 1100 901 1099 902 1098 903 1097 904 1096 905 1095 906 1094 907 1093 908 1092 909 1091 910 1090 911 1089 912 1088 913 1087 914 1086 915 1085 916 1084 917 1083 918 1082 919 1081 920 1080 921 1079 922 1078 923 1077 924 1076 925 1075 926 1074 927 1073 928 1072 929 1071 930 1070 931 1069 932 1068 933 1067 934 1066 935 1065 936 1064 

745 1255 746 1254 747 1253 748 1252 749 1251 750 1250 751 1249 752 1248 753 1247 754 1246 755 1245 756 1244 757 1243 758 1242 759 1241 760 1240 761 1239 762 1238 763 1237 764 1236 765 1235 766 1234 767 1233 768 1232 769 1231 770 1230 771 1229 772 1228 773 1227 774 1226 775 1225 776 1224 777 1223 778 1222 779 1221 780 1220 781 1219 782 1218 783 1217 784 1216 785 1215 786 1214 787 1213 788 1212 789 1211 790 1210 791 1209 792 1208 793 1207 794 1206 795 1205 796 1204 797 1203 798 1202 799 1201 800 1200 801 1199 802 1198 803 1197 804 1196 805 1195 806 1194 807 1193 808 1192 809 1191 810 1190 811 1189 812 1188 813 1187 814 1186 815 1185 816 1184 817 1183 818 1182 819 1181 820 1180 821 1179 822 1178 823 1177 824 1176 825 1175 826 1174 827 1173 828 1172 829 1171 830 1170 831 1169 832 1168 833 1167 834 1166 835 1165 836 1164 837 1163 838 1162 839 1161 840 1160 841 1159 842 1158 843 1157 844 1156 845 1155 846 1154 847 1153 848 1152 849 1151 850 1150 851 1149 852 1148 853 1147 854 1146 855 1145 856 1144 857 1143 858 1142 859 1141 860 1140 861 1139 862 1138 863 1137 864 1136 865 1135 866 1134 867 1133 868 1132 869 1131 870 1130 871 1129 872 1128 

489 1511 490 1510 491 1509 492 1508 493 1507 494 1506 495 1505 496 1504 497 1503 498 1502 499 1501 500 1500 501 1499 502 1498 503 1497 504 1496 505 1495 506 1494 507 1493 508 1492 509 1491 510 1490 511 1489 512 1488 513 1487 514 1486 515 1485 516 1484 517 1483 518 1482 519 1481 520 1480 521 1479 522 1478 523 1477 524 1476 525 1475 526 1474 527 1473 528 1472 529 1471 530 1470 531 1469 532 1468 533 1467 534 1466 535 1465 536 1464 537 1463 538 1462 539 1461 540 1460 541 1459 542 1458 543 1457 544 1456 545 1455 546 1454 547 1453 548 1452 549 1451 550 1450 551 1449 552 1448 553 1447 554 1446 555 1445 556 1444 557 1443 558 1442 559 1441 560 1440 561 1439 562 1438 563 1437 564 1436 565 1435 566 1434 567 1433 568 1432 569 1431 570 1430 571 1429 572 1428 573 1427 574 1426 575 1425 576 1424 577 1423 578 1422 579 1421 580 1420 581 1419 582 1418 583 1417 584 1416 585 1415 586 1414 587 1413 588 1412 589 1411 590 1410 591 1409 592 1408 593 1407 594 1406 595 1405 596 1404 597 1403 598 1402 599 1401 600 1400 601 1399 602 1398 603 1397 604 1396 605 1395 606 1394 607 1393 608 1392 609 1391 610 1390 611 1389 612 1388 613 1387 614 1386 615 1385 616 1384 617 1383 618 1382 619 1381 620 1380 621 1379 622 1378 623 1377 624 1376 625 1375 626 1374 627 1373 628 1372 629 1371 630 1370 631 1369 632 1368 633 1367 634 1366 635 1365 636 1364 637 1363 638 1362 639 1361 640 1360 641 1359 642 1358 643 1357 644 1356 645 1355 646 1354 647 1353 648 1352 649 1351 650 1350 651 1349 652 1348 653 1347 654 1346 655 1345 656 1344 657 1343 658 1342 659 1341 660 1340 661 1339 662 1338 663 1337 664 1336 665 1335 666 1334 667 1333 668 1332 669 1331 670 1330 671 1329 672 1328 673 1327 674 1326 675 1325 676 1324 677 1323 678 1322 679 1321 680 1320 681 1319 682 1318 683 1317 684 1316 685 1315 686 1314 687 1313 688 1312 689 1311 690 1310 691 1309 692 1308 693 1307 694 1306 695 1305 696 1304 697 1303 698 1302 699 1301 700 1300 701 1299 702 1298 703 1297 704 1296 705 1295 706 1294 707 1293 708 1292 709 1291 710 1290 711 1289 712 1288 713 1287 714 1286 715 1285 716 1284 717 1283 718 1282 719 1281 720 1280 721 1279 722 1278 723 1277 724 1276 725 1275 726 1274 727 1273 728 1272 729 1271 730 1270 731 1269 732 1268 733 1267 734 1266 735 1265 736 1264 737 1263 738 1262 739 1261 740 1260 741 1259 742 1258 743 1257 744 1256 

0 1 1999 2 1998 3 1997 4 1996 5 1995 6 1994 7 1993 8 1992 9 1991 10 1990 11 1989 12 1988 13 1987 14 1986 15 1985 16 1984 17 1983 18 1982 19 1981 20 1980 21 1979 22 1978 23 1977 24 1976 25 1975 26 1974 27 1973 28 1972 29 1971 30 1970 31 1969 32 1968 33 1967 34 1966 35 1965 36 1964 37 1963 38 1962 39 1961 40 1960 41 1959 42 1958 43 1957 44 1956 45 1955 46 1954 47 1953 48 1952 49 1951 50 1950 51 1949 52 1948 53 1947 54 1946 55 1945 56 1944 57 1943 58 1942 59 1941 60 1940 61 1939 62 1938 63 1937 64 1936 65 1935 66 1934 67 1933 68 1932 69 1931 70 1930 71 1929 72 1928 73 1927 74 1926 75 1925 76 1924 77 1923 78 1922 79 1921 80 1920 81 1919 82 1918 83 1917 84 1916 85 1915 86 1914 87 1913 88 1912 89 1911 90 1910 91 1909 92 1908 93 1907 94 1906 95 1905 96 1904 97 1903 98 1902 99 1901 100 1900 101 1899 102 1898 103 1897 104 1896 105 1895 106 1894 107 1893 108 1892 109 1891 110 1890 111 1889 112 1888 113 1887 114 1886 115 1885 116 1884 117 1883 118 1882 119 1881 120 1880 121 1879 122 1878 123 1877 124 1876 125 1875 126 1874 127 1873 128 1872 129 1871 130 1870 131 1869 132 1868 133 1867 134 1866 135 1865 136 1864 137 1863 138 1862 139 1861 140 1860 141 1859 142 1858 143 1857 144 1856 145 1855 146 1854 147 1853 148 1852 149 1851 150 1850 151 1849 152 1848 153 1847 154 1846 155 1845 156 1844 157 1843 158 1842 159 1841 160 1840 161 1839 162 1838 163 1837 164 1836 165 1835 166 1834 167 1833 168 1832 169 1831 170 1830 171 1829 172 1828 173 1827 174 1826 175 1825 176 1824 177 1823 178 1822 179 1821 180 1820 181 1819 182 1818 183 1817 184 1816 185 1815 186 1814 187 1813 188 1812 189 1811 190 1810 191 1809 192 1808 193 1807 194 1806 195 1805 196 1804 197 1803 198 1802 199 1801 200 1800 201 1799 202 1798 203 1797 204 1796 205 1795 206 1794 207 1793 208 1792 209 1791 210 1790 211 1789 212 1788 213 1787 214 1786 215 1785 216 1784 217 1783 218 1782 219 1781 220 1780 221 1779 222 1778 223 1777 224 1776 225 1775 226 1774 227 1773 228 1772 229 1771 230 1770 231 1769 232 1768 233 1767 234 1766 235 1765 236 1764 237 1763 238 1762 239 1761 240 1760 241 1759 242 1758 243 1757 244 1756 245 1755 246 1754 247 1753 248 1752 249 1751 250 1750 251 1749 252 1748 253 1747 254 1746 255 1745 256 1744 257 1743 258 1742 259 1741 260 1740 261 1739 262 1738 263 1737 264 1736 265 1735 266 1734 267 1733 268 1732 269 1731 270 1730 271 1729 272 1728 273 1727 274 1726 275 1725 276 1724 277 1723 278 1722 279 1721 280 1720 281 1719 282 1718 283 1717 284 1716 285 1715 286 1714 287 1713 288 1712 289 1711 290 1710 291 1709 292 1708 293 1707 294 1706 295 1705 296 1704 297 1703 298 1702 299 1701 300 1700 301 1699 302 1698 303 1697 304 1696 305 1695 306 1694 307 1693 308 1692 309 1691 310 1690 311 1689 312 1688 313 1687 314 1686 315 1685 316 1684 317 1683 318 1682 319 1681 320 1680 321 1679 322 1678 323 1677 324 1676 325 1675 326 1674 327 1673 328 1672 329 1671 330 1670 331 1669 332 1668 333 1667 334 1666 335 1665 336 1664 337 1663 338 1662 339 1661 340 1660 341 1659 342 1658 343 1657 344 1656 345 1655 346 1654 347 1653 348 1652 349 1651 350 1650 351 1649 352 1648 353 1647 354 1646 355 1645 356 1644 357 1643 358 1642 359 1641 360 1640 361 1639 362 1638 363 1637 364 1636 365 1635 366 1634 367 1633 368 1632 369 1631 370 1630 371 1629 372 1628 373 1627 374 1626 375 1625 376 1624 377 1623 378 1622 379 1621 380 1620 381 1619 382 1618 383 1617 384 1616 385 1615 386 1614 387 1613 388 1612 389 1611 390 1610 391 1609 392 1608 393 1607 394 1606 395 1605 396 1604 397 1603 398 1602 399 1601 400 1600 401 1599 402 1598 403 1597 404 1596 405 1595 406 1594 407 1593 408 1592 409 1591 410 1590 411 1589 412 1588 413 1587 414 1586 415 1585 416 1584 417 1583 418 1582 419 1581 420 1580 421 1579 422 1578 423 1577 424 1576 425 1575 426 1574 427 1573 428 1572 429 1571 430 1570 431 1569 432 1568 433 1567 434 1566 435 1565 436 1564 437 1563 438 1562 439 1561 440 1560 441 1559 442 1558 443 1557 444 1556 445 1555 446 1554 447 1553 448 1552 449 1551 450 1550 451 1549 452 1548 453 1547 454 1546 455 1545 456 1544 457 1543 458 1542 459 1541 460 1540 461 1539 462 1538 463 1537 464 1536 465 1535 466 1534 467 1533 468 1532 469 1531 470 1530 471 1529 472 1528 473 1527 474 1526 475 1525 476 1524 477 1523 478 1522 479 1521 480 1520 481 1519 482 1518 483 1517 484 1516 485 1515 486 1514 487 1513 488 1512 

